Small, 2, 16, 23, 2, 23, 22
Small, 50, 4, 6, 9, 6, 23
Small, 89, 24, 17, 20, 3, 8
Small, 83, 1, 8, 7, 20, 15
Small, 6, 3, 6, 3, 20, 20
Small, 86, 17, 9, 18, 24, 19
Small, 29, 20, 19, 22, 24, 8
Small, 18, 10, 13, 13, 18, 24
Small, 80, 3, 22, 8, 6, 10
Small, 35, 10, 2, 14, 3, 19
Small, 62, 17, 17, 5, 7, 15
Small, 66, 19, 14, 13, 3, 23
Small, 57, 22, 16, 22, 4, 16
Small, 36, 10, 13, 20, 18, 13
Small, 73, 15, 18, 4, 4, 16
Small, 23, 19, 5, 15, 12, 19
Small, 38, 18, 12, 6, 24, 12
Small, 90, 24, 17, 3, 11, 17
Small, 78, 13, 1, 5, 16, 8
Small, 82, 18, 14, 9, 17, 14
Small, 24, 2, 14, 24, 6, 11
Small, 73, 3, 19, 22, 6, 12
Small, 52, 12, 20, 14, 1, 19
Small, 95, 4, 7, 6, 5, 9
Small, 35, 25, 18, 15, 11, 14
Small, 76, 15, 14, 11, 8, 16
Small, 11, 17, 7, 23, 7, 14
Small, 41, 6, 22, 3, 12, 14
Small, 37, 19, 25, 24, 18, 9
Small, 37, 23, 21, 15, 20, 17
Small, 79, 3, 1, 18, 18, 2
Small, 30, 21, 11, 19, 25, 3
Small, 25, 24, 10, 17, 25, 12
Small, 76, 1, 25, 2, 16, 22
Small, 75, 13, 4, 11, 6, 23
Small, 50, 22, 15, 25, 5, 5
Small, 32, 19, 2, 6, 20, 10
Small, 94, 21, 20, 10, 12, 25
Small, 33, 20, 12, 7, 18, 5
Small, 36, 12, 9, 17, 22, 4
Small, 98, 22, 10, 22, 21, 3
Small, 50, 25, 24, 10, 3, 6
Small, 11, 25, 6, 13, 8, 24
Small, 35, 20, 4, 2, 18, 2
Small, 91, 8, 11, 24, 14, 17
Small, 4, 17, 12, 19, 5, 1
Small, 23, 11, 10, 8, 13, 10
Small, 39, 9, 18, 3, 5, 9
Small, 0, 17, 9, 12, 18, 5
Small, 84, 17, 6, 7, 25, 2
Small, 69, 23, 22, 16, 4, 18
Small, 60, 19, 21, 15, 24, 18
Small, 11, 14, 19, 23, 5, 2
Small, 7, 4, 22, 21, 9, 15
Small, 93, 16, 4, 22, 23, 2
Small, 84, 23, 8, 20, 1, 9
Small, 50, 5, 16, 14, 20, 20
Small, 52, 13, 13, 9, 25, 20
Small, 67, 18, 25, 5, 9, 5
Small, 75, 6, 19, 9, 9, 18
Small, 80, 22, 10, 17, 22, 8
Small, 29, 23, 19, 24, 14, 12
Small, 67, 5, 12, 5, 6, 4
Small, 43, 2, 24, 13, 5, 7
Small, 88, 13, 12, 6, 3, 14
Small, 84, 10, 17, 23, 2, 4
Small, 21, 1, 10, 11, 15, 13
Small, 27, 20, 10, 3, 13, 10
Small, 84, 9, 1, 8, 21, 15
Small, 89, 18, 24, 4, 18, 15
Small, 82, 21, 13, 25, 2, 5
Small, 81, 21, 15, 18, 17, 22
Small, 69, 6, 25, 14, 9, 6
Small, 44, 13, 5, 10, 22, 4
Small, 3, 18, 12, 24, 17, 1
Small, 12, 11, 21, 4, 15, 8
Small, 9, 17, 14, 5, 6, 19
Small, 94, 24, 6, 25, 3, 12
Small, 84, 8, 24, 20, 3, 16
Small, 6, 19, 16, 12, 22, 5
Small, 47, 6, 14, 23, 3, 25
Small, 19, 4, 18, 6, 20, 13
Small, 60, 9, 19, 4, 17, 13
Small, 17, 5, 21, 5, 25, 1
Small, 6, 10, 21, 9, 3, 25
Small, 41, 5, 11, 15, 10, 7
Small, 77, 15, 18, 21, 3, 8
Small, 92, 15, 11, 2, 20, 15
Small, 48, 24, 5, 5, 16, 22
Small, 62, 13, 8, 10, 10, 23
Small, 72, 11, 13, 3, 18, 25
Small, 57, 5, 23, 5, 10, 8
Small, 83, 12, 19, 12, 19, 11
Small, 68, 10, 9, 24, 20, 21
Small, 95, 25, 16, 11, 14, 21
Small, 15, 4, 4, 25, 21, 8
Small, 61, 12, 11, 12, 20, 23
Small, 11, 15, 25, 8, 1, 21
Small, 47, 15, 18, 1, 23, 22
Small, 26, 18, 8, 21, 15, 10
Medium, 779, 13, 19, 8, 21, 24
Medium, 276, 11, 21, 6, 10, 17
Medium, 741, 7, 3, 11, 16, 25
Medium, 726, 24, 14, 4, 18, 1
Medium, 514, 17, 1, 6, 25, 9
Medium, 182, 10, 5, 22, 10, 17
Medium, 491, 13, 15, 5, 7, 4
Medium, 210, 13, 23, 6, 7, 24
Medium, 609, 13, 23, 2, 17, 16
Medium, 142, 20, 13, 1, 7, 19
Medium, 741, 24, 21, 13, 1, 19
Medium, 590, 24, 15, 2, 11, 9
Medium, 545, 9, 12, 11, 2, 23
Medium, 881, 20, 20, 9, 11, 7
Medium, 653, 6, 11, 14, 3, 24
Medium, 367, 15, 9, 17, 3, 17
Medium, 673, 12, 19, 15, 4, 20
Medium, 114, 23, 1, 15, 14, 15
Medium, 531, 9, 4, 11, 20, 25
Medium, 547, 5, 20, 3, 19, 18
Medium, 418, 25, 2, 6, 2, 20
Medium, 574, 22, 12, 21, 13, 8
Medium, 536, 7, 7, 1, 23, 21
Medium, 107, 19, 6, 16, 5, 1
Medium, 650, 4, 2, 8, 16, 14
Medium, 805, 25, 6, 16, 5, 1
Medium, 807, 4, 14, 3, 12, 10
Medium, 983, 12, 10, 22, 6, 10
Medium, 128, 17, 19, 13, 24, 16
Medium, 884, 4, 6, 14, 4, 16
Medium, 856, 7, 2, 22, 8, 14
Medium, 502, 10, 3, 20, 21, 22
Medium, 891, 13, 20, 21, 24, 13
Medium, 575, 10, 9, 11, 7, 4
Medium, 415, 5, 17, 3, 3, 8
Medium, 916, 1, 23, 17, 25, 11
Medium, 294, 24, 8, 16, 16, 11
Medium, 381, 14, 11, 6, 22, 17
Medium, 918, 23, 23, 8, 21, 2
Medium, 722, 15, 10, 11, 3, 10
Medium, 780, 25, 1, 7, 18, 8
Medium, 180, 9, 7, 9, 22, 2
Medium, 856, 8, 2, 12, 18, 14
Medium, 205, 9, 6, 19, 18, 3
Medium, 284, 3, 22, 18, 15, 8
Medium, 656, 20, 8, 4, 11, 17
Medium, 748, 20, 21, 12, 10, 17
Medium, 347, 16, 15, 17, 25, 24
Medium, 860, 21, 4, 16, 7, 17
Medium, 488, 22, 13, 20, 25, 10
Medium, 775, 8, 20, 4, 14, 8
Medium, 213, 13, 18, 6, 3, 9
Medium, 155, 18, 20, 5, 14, 11
Medium, 283, 9, 6, 6, 21, 20
Medium, 965, 21, 23, 3, 5, 22
Medium, 767, 25, 2, 3, 3, 11
Medium, 600, 16, 12, 10, 24, 4
Medium, 860, 14, 22, 21, 9, 17
Medium, 337, 25, 18, 22, 9, 18
Medium, 965, 2, 19, 4, 25, 23
Medium, 296, 24, 12, 18, 25, 15
Medium, 199, 10, 6, 10, 23, 5
Medium, 570, 16, 19, 20, 11, 1
Medium, 329, 10, 18, 18, 19, 20
Medium, 197, 6, 20, 10, 13, 2
Medium, 353, 2, 6, 12, 25, 7
Medium, 601, 7, 13, 21, 6, 4
Medium, 712, 8, 18, 13, 23, 17
Medium, 233, 4, 4, 16, 4, 23
Medium, 228, 21, 3, 8, 24, 7
Medium, 859, 9, 13, 16, 15, 5
Medium, 971, 19, 9, 17, 21, 4
Medium, 835, 18, 4, 4, 9, 23
Medium, 604, 20, 7, 7, 20, 1
Medium, 411, 5, 24, 14, 16, 15
Medium, 193, 14, 1, 14, 20, 8
Medium, 703, 8, 20, 21, 14, 24
Medium, 254, 24, 14, 18, 10, 17
Medium, 930, 8, 10, 1, 19, 23
Medium, 273, 5, 4, 17, 14, 5
Medium, 496, 22, 4, 15, 20, 10
Medium, 442, 19, 7, 13, 7, 19
Medium, 468, 15, 5, 5, 10, 9
Medium, 237, 7, 15, 4, 21, 22
Medium, 218, 20, 14, 25, 17, 2
Medium, 955, 3, 15, 25, 23, 16
Medium, 442, 23, 15, 3, 8, 24
Medium, 751, 17, 8, 25, 19, 8
Medium, 282, 21, 14, 13, 23, 5
Medium, 508, 3, 24, 23, 3, 8
Medium, 667, 8, 14, 6, 25, 16
Medium, 525, 5, 11, 1, 6, 20
Medium, 358, 7, 25, 16, 23, 15
Medium, 308, 21, 8, 3, 24, 12
Medium, 400, 6, 22, 12, 7, 16
Medium, 906, 6, 24, 1, 2, 13
Medium, 498, 14, 17, 9, 17, 13
Medium, 969, 4, 24, 2, 25, 25
Medium, 357, 15, 6, 8, 7, 20
Medium, 319, 24, 10, 22, 17, 9
Large, 4063, 18, 11, 5, 13, 24
Large, 2141, 23, 8, 7, 10, 23
Large, 9612, 20, 4, 6, 20, 2
Large, 6109, 5, 7, 1, 22, 18
Large, 2751, 24, 11, 2, 21, 2
Large, 1537, 5, 5, 11, 1, 23
Large, 7318, 14, 4, 18, 18, 7
Large, 1800, 2, 4, 2, 15, 11
Large, 1172, 7, 23, 16, 11, 6
Large, 6737, 2, 10, 24, 20, 3
Large, 1056, 12, 14, 16, 23, 1
Large, 7654, 17, 9, 21, 4, 21
Large, 8921, 16, 5, 23, 11, 8
Large, 4270, 20, 1, 23, 14, 23
Large, 8513, 10, 16, 6, 14, 18
Large, 2100, 7, 16, 2, 16, 9
Large, 6223, 14, 2, 21, 4, 8
Large, 7320, 1, 22, 11, 7, 4
Large, 7833, 7, 1, 15, 23, 13
Large, 8438, 13, 15, 12, 8, 18
Large, 3313, 16, 5, 24, 17, 6
Large, 7066, 23, 21, 11, 14, 19
Large, 9723, 5, 17, 15, 7, 8
Large, 5319, 4, 10, 16, 4, 6
Large, 5712, 23, 15, 12, 2, 20
Large, 1737, 21, 25, 17, 24, 5
Large, 6158, 22, 24, 17, 8, 23
Large, 7175, 7, 18, 19, 16, 1
Large, 1971, 23, 12, 2, 19, 2
Large, 8164, 16, 3, 6, 23, 23
Large, 5447, 3, 2, 18, 3, 25
Large, 2947, 1, 2, 16, 8, 25
Large, 8999, 11, 5, 7, 8, 3
Large, 1342, 3, 8, 7, 5, 1
Large, 7114, 14, 16, 14, 20, 3
Large, 1470, 16, 13, 17, 24, 19
Large, 8913, 3, 17, 19, 7, 8
Large, 6016, 14, 9, 2, 18, 2
Large, 2465, 19, 24, 9, 5, 9
Large, 7407, 14, 7, 2, 9, 15
Large, 3468, 12, 11, 5, 25, 16
Large, 9387, 15, 18, 7, 8, 8
Large, 2162, 7, 7, 8, 13, 4
Large, 2622, 6, 19, 16, 6, 10
Large, 4607, 4, 19, 9, 11, 1
Large, 6817, 12, 11, 11, 19, 13
Large, 8521, 12, 21, 24, 4, 5
Large, 4280, 18, 22, 15, 23, 5
Large, 7560, 21, 6, 7, 13, 13
Large, 7647, 4, 5, 1, 2, 15
Large, 4592, 24, 11, 2, 21, 9
Large, 5401, 6, 19, 18, 13, 20
Large, 3487, 11, 24, 21, 16, 8
Large, 7552, 21, 7, 19, 9, 23
Large, 6621, 18, 20, 24, 17, 21
Large, 9103, 22, 12, 25, 10, 7
Large, 7291, 21, 15, 8, 15, 15
Large, 6094, 11, 22, 13, 21, 2
Large, 6958, 8, 25, 1, 14, 25
Large, 3271, 16, 6, 5, 25, 20
Large, 1185, 21, 11, 25, 14, 7
Large, 5148, 1, 8, 3, 23, 19
Large, 4569, 13, 23, 11, 15, 1
Large, 7686, 18, 25, 20, 1, 3
Large, 4501, 8, 21, 4, 3, 21
Large, 4269, 24, 10, 9, 10, 1
Large, 8599, 7, 25, 20, 21, 5
Large, 7136, 24, 24, 7, 23, 14
Large, 3351, 19, 12, 5, 9, 5
Large, 4450, 17, 23, 21, 20, 5
Large, 1641, 11, 9, 3, 1, 24
Large, 2581, 4, 20, 16, 3, 22
Large, 3556, 11, 8, 5, 19, 3
Large, 2233, 23, 22, 8, 15, 23
Large, 7321, 18, 18, 19, 15, 16
Large, 9979, 2, 11, 11, 20, 14
Large, 2130, 2, 21, 10, 8, 17
Large, 3265, 14, 19, 5, 22, 2
Large, 8692, 22, 9, 1, 17, 23
Large, 1457, 14, 21, 13, 11, 17
Large, 1625, 15, 13, 19, 15, 6
Large, 5742, 20, 9, 3, 7, 17
Large, 2130, 23, 18, 7, 17, 15
Large, 1887, 16, 3, 21, 7, 11
Large, 6313, 22, 2, 3, 12, 4
Large, 3177, 15, 24, 24, 6, 19
Large, 8949, 22, 17, 5, 9, 10
Large, 7243, 22, 10, 18, 11, 20
Large, 8852, 23, 10, 2, 20, 20
Large, 7031, 24, 3, 24, 4, 1
Large, 4054, 14, 1, 16, 1, 4
Large, 4523, 13, 12, 23, 3, 13
Large, 1059, 5, 23, 24, 11, 25
Large, 6934, 2, 9, 11, 21, 8
Large, 3059, 16, 16, 3, 18, 18
Large, 6529, 7, 10, 6, 24, 14
Large, 1917, 1, 4, 20, 13, 20
Large, 8402, 16, 22, 17, 14, 7
Large, 8733, 9, 4, 2, 14, 16
Large, 4966, 9, 5, 13, 21, 24
